i1:
  j_xyz: 0.0 0.0 1.0
  j_rpy: 0.0 -0.0 0.0
  l_xyz: 0 0 -0.0
  l_rpy: 0 0 0
  l_len: 0.0
i2:
  j_xyz: 0.0 0.0 1.0
  j_rpy: 0.0 -0.0 0.0
  l_xyz: 0 0 -0.5
  l_rpy: 0 0 0
  l_len: 0.0
i3:
  j_xyz: 1.0 -0.0015925479819998145 -0.9999987483024597
  j_rpy: 3.140000104904175 -0.0 0.0
  l_xyz: 0 0 -0.5
  l_rpy: 0 0 0
  l_len: 1.0
